


Mean Volumes        AD            HC
Hippocampus LH      2553.388      3429.694
Hippocampus RH      2748.561      3562.461
Amygdala LH         1239.783      1644.848
Amygdala RH         1305.337      1732.733



Measure:volume,Hippocampal_tail,subiculum-body,CA1-body,subiculum-head,hippocampal-fissure,presubiculum-head,CA1-head,presubiculum-body,parasubiculum,molecular_layer_HP-head,molecular_layer_HP-body,GC-ML-DG-head,CA3-body,GC-ML-DG-body,CA4-head,CA4-body,fimbria,CA3-head,HATA,Whole_hippocampal_body,Whole_hippocampal_head,Whole_hippocampus
sub-FREAD001,445.67171,171.454171,116.369041,141.158995,216.656177,112.405744,429.307534,108.950716,59.161226,260.110681,175.812647,126.091044,95.911012,114.20179,109.887085,113.378297,32.802529,110.793239,56.842512,928.880202,1405.75806,2780.309972
sub-FREAD002,592.487182,221.533005,122.331732,222.993792,244.931718,144.007297,618.737128,146.990312,91.722273,380.556485,203.645198,162.27967,91.699403,114.950588,130.957744,110.144658,48.332135,120.685745,68.092106,1059.627031,1940.032239,3592.146452
sub-FREAD003,477.21213,203.815587,140.618913,159.362532,186.499687,110.708408,470.260045,119.648609,48.082421,291.288045,202.465411,145.761362,103.103924,126.355496,123.195779,121.600161,39.850121,116.427622,57.825151,1057.458223,1522.911366,3057.581719
sub-FREAD004,449.361407,203.155937,133.05485,155.76217,173.207583,112.762318,448.588353,109.952355,48.679588,290.177699,191.423199,140.085217,99.198544,119.204181,125.625806,115.953811,34.917628,123.675432,46.446837,1006.860505,1491.80342,2948.025333
sub-FREAD005,467.238009,204.075842,128.360369,126.783605,194.725459,86.464895,346.56653,95.920876,34.40898,227.613487,191.067062,121.580013,96.577683,133.65828,103.710191,126.507828,20.610936,105.831757,40.867582,996.778877,1193.82704,2657.843926
sub-FREAD006,485.309948,158.682044,99.544513,131.841247,161.285228,94.130276,416.5037,100.890921,58.713202,253.772378,152.957137,118.141659,75.775003,103.496454,101.757655,96.543658,11.456084,100.504997,49.488758,799.345814,1324.853872,2609.509634
sub-FREAD007,545.782597,194.884409,116.299948,127.987658,182.422916,99.539822,407.89291,120.494391,72.130474,242.588338,176.517225,125.958169,82.329821,104.007414,109.644179,99.467461,10.615657,106.07731,46.389538,904.616326,1338.208397,2788.60732
sub-FREAD008,443.978374,189.902873,75.343638,120.110077,164.743271,91.701264,348.833295,129.493394,36.438252,220.135839,152.249906,103.916048,66.380433,112.310912,92.234563,104.714386,38.902789,99.839805,40.375506,869.298331,1153.584647,2466.861353
sub-FREAD009,399.640345,165.908205,80.807533,150.624421,174.743854,98.501479,370.93611,112.046997,46.032179,234.629152,147.467493,103.616396,69.210708,87.253132,87.016672,81.917965,43.965221,80.457094,53.700988,788.577256,1225.514491,2413.732092
sub-FREAD010,410.409225,147.293199,85.215209,127.659821,112.2297,97.553659,322.151156,107.677542,71.784878,197.509652,128.693178,88.828672,52.470711,76.585498,73.599679,71.759751,13.239167,57.428051,41.137727,682.934255,1077.653296,2170.996776
sub-FREHC001,641.764708,271.441757,113.172603,166.573703,155.502703,120.691578,465.289728,166.164461,45.529261,308.774138,234.291839,149.104068,99.31142,146.687386,125.340638,135.726414,58.715442,124.613879,39.944393,1225.511321,1545.861388,3413.137416
sub-FREHC002,497.838127,200.908557,107.378308,135.924479,142.635372,99.899332,410.932252,119.002943,44.391957,257.275423,190.422622,129.826977,94.987577,112.156519,107.542962,101.349018,57.238175,105.290555,48.582346,983.44372,1339.666285,2820.948132
sub-FREHC003,524.448221,247.594123,149.871136,176.377065,202.162151,129.975439,515.932259,136.550573,49.997844,316.651043,243.112459,151.656833,121.297606,160.150895,133.011582,149.226494,44.663773,127.940858,50.688697,1252.467059,1652.23162,3429.1469
sub-FREHC004,599.44439,255.928959,132.027945,227.14126,230.571966,140.961673,606.081784,135.096761,52.29937,372.280854,235.416537,155.595106,109.30836,142.870299,129.837467,126.926453,58.239812,100.688725,42.478608,1195.815126,1827.364847,3622.624363
sub-FREHC005,655.503956,279.364263,172.009917,227.876018,241.25265,152.618732,636.211205,167.220664,91.065378,392.502468,273.589278,181.599301,146.919799,185.02864,155.262862,171.955446,49.412143,149.579677,69.777352,1445.500149,2056.492993,4157.497099
sub-FREHC006,526.244792,227.230148,130.874511,166.247229,137.64144,121.177505,495.908043,133.371288,36.526038,308.028784,219.386532,143.813624,89.221019,130.737749,119.28629,115.438179,75.298725,123.766463,76.014605,1121.558153,1590.768581,3238.571526
sub-FREHC007,466.913237,229.100046,143.205285,137.65231,177.239574,103.201875,428.084212,125.743773,45.884064,275.247476,228.715427,136.973882,108.633015,142.487443,116.17833,135.604926,45.166175,115.133599,49.600228,1158.656089,1407.955977,3033.525304
sub-FREHC008,622.099722,271.104372,178.646253,181.15407,217.778367,127.59564,599.973822,152.814576,46.200463,376.693582,258.974954,203.168785,119.563114,159.41113,175.162424,146.422163,21.668504,180.956974,66.296599,1308.605067,1957.202359,3887.907149
sub-FREHC009,563.289363,289.774786,151.770462,215.932256,164.712207,154.244709,616.866949,163.742311,76.977092,391.499525,259.909724,173.983466,102.714892,157.294981,145.902742,139.959156,90.833516,133.765428,68.409042,1355.999829,1977.581208,3896.8704
sub-FREHC010,555.824811,214.849387,123.100002,188.985216,181.448274,130.308428,555.317007,127.879709,39.832321,342.387425,200.9643,154.26143,104.578121,124.049399,136.255642,118.156735,47.805024,123.870185,49.57744,1061.382677,1720.795095,3338.002582
sub-FREHC011,429.075914,237.689767,110.11724,211.70085,170.541072,143.751698,596.833334,178.487971,57.743421,367.715341,220.717089,162.783454,86.931586,127.066254,134.867075,106.228964,109.54861,134.257914,65.470576,1176.787481,1875.123662,3480.987056
sub-FREHC013,836.823367,302.550835,154.026584,240.908914,187.279896,177.89227,627.190192,166.354702,92.098182,414.372245,270.536496,196.833951,120.120665,175.498489,167.876423,155.891205,86.263572,168.920222,76.158187,1431.242548,2162.250585,4430.3165

Measure:volume,Lateral-nucleus,Basal-nucleus,Accessory-Basal-nucleus,Anterior-amygdaloid-area-AAA,Central-nucleus,Medial-nucleus,Cortical-nucleus,Corticoamygdaloid-transitio,Paralaminar-nucleus,Whole_amygdala
sub-FREAD001,514.165769,330.785691,180.647388,46.162333,35.175396,14.58382,17.381381,114.244521,36.067547,1289.213848
sub-FREAD002,597.148941,386.057624,234.307403,51.987901,46.376315,16.600431,24.222863,156.734481,45.176839,1558.612798
sub-FREAD003,543.08567,331.723807,179.456114,44.348816,34.415213,15.602565,21.290462,116.910979,41.359337,1328.192963
sub-FREAD004,565.406183,344.370977,185.577709,38.821576,31.318112,14.389639,17.442995,121.60749,41.354496,1360.289177
sub-FREAD005,376.2331,216.363482,122.340268,24.914536,22.130731,13.18271,14.066854,85.476462,30.74046,905.448605
sub-FREAD006,592.801572,403.47218,202.787526,47.258565,37.910666,14.320504,17.559315,152.337514,47.92207,1516.369913
sub-FREAD007,480.432879,280.394129,174.008556,27.960897,37.859303,16.943331,18.295948,121.810616,36.77142,1194.47708
sub-FREAD008,520.428355,282.512621,140.310927,42.519824,24.198179,12.939105,17.567465,106.866989,37.277676,1184.621141
sub-FREAD009,464.929899,270.539349,154.750614,34.097824,26.128862,12.233668,17.045955,111.344577,34.536396,1125.607146
sub-FREAD010,393.409255,212.009111,119.969641,30.538204,27.386717,21.749514,15.27296,89.664403,25.000626,935.000431
sub-FREHC001,700.577526,447.260654,256.066602,55.190901,43.180058,18.549582,23.794743,153.909977,52.00426,1750.534303
sub-FREHC002,538.646789,374.580431,210.454562,48.068195,41.107022,13.759267,17.711143,144.24832,43.02194,1431.597669
sub-FREHC003,621.238487,386.47909,200.69811,51.701974,36.000685,14.273789,20.315181,142.604993,45.706433,1519.018743
sub-FREHC004,644.85581,430.740543,258.269866,48.737475,48.078319,22.746031,26.202559,154.39871,47.719081,1681.748392
sub-FREHC005,707.3787,422.521773,251.335678,52.024091,49.578464,29.503726,26.983307,155.856106,51.394653,1746.576498
sub-FREHC006,648.846317,401.371459,254.442417,47.468997,45.583396,17.888588,25.555039,168.920455,41.875458,1651.952125
sub-FREHC007,508.751637,311.839755,192.594376,44.276704,35.317293,14.73012,20.097116,116.004891,35.142734,1278.754628
sub-FREHC008,549.854675,353.113534,221.738682,43.051056,45.997774,20.483941,23.880946,135.863052,41.759024,1435.742685
sub-FREHC009,813.566114,548.186616,317.145985,68.554842,57.798365,35.280252,40.864896,207.794211,62.722295,2151.913576
sub-FREHC010,586.324003,413.881152,237.624962,51.702814,40.737845,19.629458,25.548731,147.89128,46.260483,1569.600728
sub-FREHC011,659.257163,424.174134,252.57216,57.374208,45.557384,15.746235,21.31966,170.639518,44.850035,1691.490497
sub-FREHC013,737.22419,447.041341,274.36802,51.144221,44.545473,18.363265,24.071931,178.51737,53.974733,1829.250544

Measure:volume,Lateral-nucleus,Basal-nucleus,Accessory-Basal-nucleus,Anterior-amygdaloid-area-AAA,Central-nucleus,Medial-nucleus,Cortical-nucleus,Corticoamygdaloid-transitio,Paralaminar-nucleus,Whole_amygdala
sub-FREAD001,548.669989,374.414521,219.370781,48.386369,42.059038,22.732459,22.56808,149.246727,43.790389,1471.238353
sub-FREAD002,623.959108,452.355297,257.168873,61.747704,45.551869,15.555105,23.1771,172.822091,51.470404,1703.807549
sub-FREAD003,577.740074,354.980418,215.558251,42.646929,39.399903,17.61909,22.076545,149.664695,43.430986,1463.116892
sub-FREAD004,536.215849,351.245441,198.726238,42.988472,34.17802,16.244281,21.993635,128.107989,44.947137,1374.647062
sub-FREAD005,370.327979,253.71102,158.82286,34.142269,35.57127,19.302452,21.643175,111.506446,31.574201,1036.601671
sub-FREAD006,497.366622,334.08993,168.117584,39.327915,27.717697,12.352887,14.49354,125.916659,43.217334,1262.60017
sub-FREAD007,565.797513,334.022631,187.38591,39.154326,34.760421,18.207877,19.743179,124.100685,41.442867,1364.615409
sub-FREAD008,444.709555,265.195214,135.966531,30.338736,17.739206,9.762671,13.154618,112.514244,33.460702,1062.841477
sub-FREAD009,491.073076,332.817756,192.141119,40.16861,29.710948,11.978981,19.153612,133.642699,38.458166,1289.144967
sub-FREAD010,429.850377,240.766489,134.266194,29.248511,22.867853,14.556472,14.117219,106.156286,32.925756,1024.755157
sub-FREHC001,713.070633,408.789089,233.680023,54.156391,33.274339,15.421851,23.681921,146.008083,43.430615,1671.512944
sub-FREHC002,536.504471,380.47216,246.237056,41.131333,49.010949,29.20556,26.308542,155.393244,43.430323,1507.693638
sub-FREHC003,651.968279,398.066422,235.220816,51.228213,40.555518,29.485189,29.007275,148.302476,45.839772,1629.673958
sub-FREHC004,699.167578,421.724295,257.23581,51.524792,41.957068,21.353227,29.178662,147.86527,49.095693,1719.102396
sub-FREHC005,699.109342,443.748986,254.465936,60.334969,43.454826,22.307561,27.219626,169.424835,54.078781,1774.144864
sub-FREHC006,675.040139,429.358278,293.64239,52.473326,45.691596,18.616306,30.59729,188.804178,43.939764,1778.163268
sub-FREHC007,503.309014,320.07869,199.498113,42.079373,34.904215,19.138721,21.991177,130.636631,35.498988,1307.134923
sub-FREHC008,733.069582,463.214108,274.641978,59.127322,44.650829,16.96922,26.682543,174.518152,50.729549,1843.603284
sub-FREHC009,820.633514,482.080999,292.388024,61.985845,48.772364,22.543379,32.57237,184.973762,53.071104,1999.021361
sub-FREHC010,568.414404,399.668074,248.136823,51.469079,41.288086,19.443788,27.041887,150.110324,40.832502,1546.404967
sub-FREHC011,667.611762,462.190556,276.844635,53.810738,49.320086,18.72779,25.476184,167.19855,50.990191,1772.170493
sub-FREHC013,854.481897,590.504603,339.907847,69.881204,59.115113,22.190653,27.835832,212.362387,67.891737,2244.171274

Measure:volume,Hippocampal_tail,subiculum-body,CA1-body,subiculum-head,hippocampal-fissure,presubiculum-head,CA1-head,presubiculum-body,parasubiculum,molecular_layer_HP-head,molecular_layer_HP-body,GC-ML-DG-head,CA3-body,GC-ML-DG-body,CA4-head,CA4-body,fimbria,CA3-head,HATA,Whole_hippocampal_body,Whole_hippocampal_head,Whole_hippocampus
sub-FREAD001,367.028143,157.12807,99.840749,125.264565,186.694383,102.212657,344.288713,95.465856,57.150883,223.332784,158.971584,111.635673,88.510799,100.127842,98.033362,99.034006,39.186952,91.212599,35.033362,838.265857,1188.164598,2393.458598
sub-FREAD002,588.89094,243.486529,105.657482,223.181709,169.015632,148.11139,522.750649,165.343783,83.594974,354.672816,203.83853,141.802779,85.152741,114.25666,119.783502,110.411486,64.903292,107.841879,55.998656,1093.050503,1757.738354,3439.679797
sub-FREAD003,467.7797,202.92453,124.683597,162.049045,202.740808,109.256743,436.041104,124.707464,41.409715,269.384431,191.592354,117.776129,88.398614,118.801643,102.681562,112.463392,50.791818,91.580637,33.054091,1014.363411,1363.233456,2845.376568
sub-FREAD004,434.790984,192.799057,96.916759,144.213347,161.302505,111.226557,397.569035,135.21609,55.340768,264.119692,174.383646,123.736853,82.097849,102.110445,114.908526,97.52886,36.698602,109.712027,44.035744,917.751308,1364.862549,2717.404841
sub-FREAD005,390.677095,162.602189,91.624199,133.218582,146.466776,90.911267,357.130756,107.327365,47.665485,223.853226,151.614735,97.231708,72.062208,97.512606,85.895457,91.424123,26.01151,78.847963,27.940575,800.178935,1142.695019,2333.551049
sub-FREAD006,492.919914,209.838682,98.593162,166.776385,172.102837,141.744882,450.992953,174.402838,110.353143,290.861932,190.304952,130.439311,80.957228,132.698327,110.28525,121.463629,25.65906,103.093298,49.899478,1033.917878,1554.44663,3081.284423
sub-FREAD007,501.363376,169.740421,104.40444,121.92374,173.016249,101.971507,365.727354,133.950912,51.471992,219.26194,161.161321,98.021304,71.052583,99.741448,84.650354,94.454801,19.247263,74.738178,39.331995,853.753192,1157.098364,2512.214931
sub-FREAD008,362.533816,155.314002,82.621312,137.864712,153.658486,101.333128,388.189819,116.556083,43.768136,230.383823,141.939899,100.241768,70.452196,94.120877,87.110198,87.374414,39.167035,81.977708,35.558229,787.545819,1206.427523,2356.507158
sub-FREAD009,304.152984,166.333115,69.818419,128.074934,143.186123,83.522169,333.575453,116.485305,37.666628,201.405962,137.296488,82.302727,57.29795,78.891261,71.008515,73.144315,38.024643,60.964514,40.42868,737.291496,1038.949581,2080.394062
sub-FREAD010,357.741952,132.756845,89.538063,87.840171,111.631597,66.0821,233.386065,93.112425,44.905794,138.791406,125.527582,64.451292,52.405368,72.671938,59.360823,68.928925,10.467535,52.742966,23.300751,645.40868,770.861368,1774.011999
sub-FREHC001,551.778139,274.020601,114.854353,229.02928,139.578997,169.814216,508.145843,199.338918,72.154357,349.724053,231.21762,152.996095,81.367304,143.409965,130.458779,128.602317,75.505062,118.418139,56.258848,1248.316138,1786.999612,3587.093889
sub-FREHC002,460.595534,208.116335,85.704378,165.614642,162.75292,118.129131,389.718524,140.588358,51.666912,261.730074,174.333485,118.473862,72.587653,104.818714,100.366082,93.751334,71.119685,86.199699,46.40856,951.019944,1338.307486,2749.922964
sub-FREHC003,508.591148,217.108322,141.24588,179.968077,239.026361,141.710137,512.55658,124.017515,66.211247,325.933844,205.75626,161.548672,108.267011,129.175261,138.098701,122.790336,59.383481,139.540257,52.277507,1107.744065,1717.845023,3334.180235
sub-FREHC004,608.174902,235.249432,144.865303,205.898355,237.211956,139.7337,551.670819,125.541737,48.926446,354.298395,229.88423,165.243653,113.063947,144.640302,139.240892,135.349823,59.846231,116.883655,64.997615,1188.441006,1786.893532,3583.509439
sub-FREHC005,611.40125,278.126701,160.662609,221.977485,242.161653,151.494357,537.479617,146.247868,82.579865,349.675688,264.048411,163.157423,132.586378,168.487124,142.309216,162.296284,41.245778,140.581344,63.61343,1353.701153,1852.868425,3817.970828
sub-FREHC006,534.986276,242.003125,118.412666,170.990313,126.425827,122.297353,456.374428,143.303752,45.297559,301.857093,220.313525,143.096435,83.519535,135.889671,120.419781,117.759868,77.573667,119.681508,59.096474,1138.775809,1539.110945,3212.873031
sub-FREHC007,551.093075,214.937453,135.567232,152.729358,161.267482,104.065486,422.287889,111.28235,39.18601,278.13737,203.547161,142.727666,92.63877,130.446636,122.901027,117.266156,41.312753,118.806273,51.620558,1046.998512,1432.461635,3030.553222
sub-FREHC008,522.849719,235.891345,152.176949,176.346349,234.771315,110.959617,508.640879,141.958363,47.159699,307.150194,228.019024,145.075537,106.091925,135.801129,128.556202,130.125153,33.92243,113.095816,43.682196,1163.986317,1580.666489,3267.502525
sub-FREHC009,426.23897,245.077083,141.784722,235.432817,137.272511,164.908411,635.768751,147.538655,88.000339,412.268816,242.650982,203.101285,104.796971,151.311123,170.62466,133.550724,90.471928,161.525903,59.812797,1257.182188,2131.443779,3814.864938
sub-FREHC010,571.725317,219.321841,111.397603,202.289797,164.10301,126.207055,512.893634,135.604847,43.429846,328.120974,199.891815,147.967802,79.800875,125.019057,127.287946,111.474519,77.422224,110.173904,55.667026,1059.932782,1654.037984,3285.696082
sub-FREHC011,414.101037,243.811395,86.695839,206.552315,138.285515,140.799747,518.572318,210.930869,53.695784,344.619867,209.941414,158.290162,71.097197,107.078102,130.653506,90.47735,132.198762,123.131887,67.177916,1152.230928,1743.493501,3309.825466
sub-FREHC013,691.213964,357.597745,126.364222,225.872027,175.633943,171.35986,555.77961,206.596186,80.768378,384.692003,268.434824,181.188037,101.817298,181.729081,156.17794,161.30504,97.38163,155.011977,59.040219,1501.226026,1969.890051,4162.330041
